CART_DE
0.2698907218137986 0.2947664848626671 0.3289449519114591 0.3559634058061457 0.36320656537123486 0.38050681786841256 0.3898253065016507 0.38988754694213 0.40474419949023843 0.4096449198789862 0.4124085959702397 0.4249119625775254 0.42881340953278746 0.4331104388500342 0.43668284179166617 0.4388465672019217 0.44171483622350693 0.4474023222306973 0.44935653434837786 0.45783550114846305 0.46182161498949825 0.46205906480721903 0.4693852559392603 0.47620812171676463 0.4800224782242204 0.48631962244192184 0.4974089201937304 0.5003088326127241 0.5029840903470447 0.5035254072453197 0.5087248157248158 0.5147544370751462 0.5187895330800738 0.5284888587988271 0.5296031154316654 0.5336074648110074 0.5349617725791938 0.5371290663701378 0.5391846042605263 0.5410773800506417 0.5426482468814743 0.5521023633463824 0.5530834045671021 0.5540858318636097 0.5579938969040306 0.5611114366065151 0.5631770053772382 0.5772460649027302 0.5783256353109184 0.5875636675636675 0.5911885245901639 0.6061938725101008 0.6077096114519427 0.6077851790174853 0.6084223159313786 0.6427169972275539 0.652857515015943 0.6667005573128484 0.6683264050675315 0.7167837877963081 

CART_FLASH
0.005717841661304068 0.2805060906369362 0.32880382355520466 0.34272292204000565 0.38108723990398985 0.40347132309199707 0.4144144144144144 0.41519626894675477 0.42431977837142565 0.4298680798286165 0.4363064443442992 0.44345179658354594 0.4481880891854676 0.4508478324305595 0.45129951532734536 0.4554721253836298 0.46166170748455027 0.46403643500149316 0.4651975821003247 0.47063157321126914 0.47250205917759625 0.47319023569023577 0.47343330280830276 0.4769525714762024 0.4867020276116316 0.4967524391809488 0.5014245364956265 0.5026527515145676 0.5043798493432321 0.5056586456629844 0.5256750615866637 0.5299706107845641 0.53915685454147 0.5422362091253947 0.5448366241481741 0.5488960121943018 0.554796443612541 0.5655215027187346 0.567593028732925 0.5792361811823574 0.5802174807903404 0.5805331048377758 0.5855618802133676 0.5863515937289813 0.5878598410837568 0.5923633835078533 0.5929141479988939 0.5938114904132157 0.6039270452488924 0.6081451090108843 0.6142955262089851 0.6155448717948717 0.6278472836064459 0.6282456984719047 0.6313989716535734 0.6409169879319133 0.676894904383056 0.6790803436078827 0.7114019212028401 0.761477064108643 

CART0
-0.6062974542206343 -0.2396892916589608 -0.20692640692640696 -0.1390874106652007 -0.01711859764448076 0.01995176496382367 0.15071043606075452 0.16618723849372385 0.20387605387057917 0.26497098407210773 0.26691474966170503 0.2758775877587759 0.2788530465949821 0.2896000000000001 0.3001041511679807 0.3030647985989491 0.3187879976465974 0.33493260223897636 0.33781414377556973 0.34075104311543836 0.3444174553982746 0.3490043112297271 0.34902290397142255 0.3649283918224554 0.3700967458223394 0.3768787751088636 0.39847231063017174 0.4033436130498296 0.40685899072419374 0.4187790752871927 0.42080457835381246 0.42183683439179276 0.42220976581963143 0.42692939244663386 0.42803827751196166 0.43091994144803525 0.4460791986226327 0.44759131815775544 0.45240988254353987 0.4539131965842065 0.4646576556614226 0.47233519341719477 0.48351895601304984 0.4917034556249048 0.4957114322641287 0.4965042155048325 0.5046670381721929 0.5060747132962415 0.5078067821419858 0.510233918128655 0.5145159049868038 0.5208058124174373 0.5438731379144643 0.5447944724206581 0.5889448290329347 0.5923471569046602 0.6041095890410959 0.6192666756866461 0.6312033377250769 0.6850203458799593 

RF
0.08015966496531879 0.09711445813682229 0.251707904144986 0.2539317222861528 0.3029971331769612 0.3116979269496546 0.3333705108186483 0.3546134663341646 0.37972478147885647 0.3849349210744947 0.4071801863212907 0.41052975534044023 0.41110734845919406 0.4174489923645013 0.42993706210663807 0.43022786852187944 0.4312678889146746 0.4319821967890638 0.4374900613809116 0.4414454540055822 0.4448820743658274 0.4516806722689075 0.45224867724867723 0.47054523067451604 0.4749310303466474 0.47734485425500706 0.48041056452622355 0.48185384992643454 0.4953191034076928 0.4973344072412077 0.5022882934065586 0.5028717065115945 0.5215132326676408 0.525290215588723 0.5272706656083457 0.5306240718606252 0.5308423256563052 0.5335905680600215 0.5386095081066227 0.542180968368388 0.54508405501783 0.5528985507246377 0.5547382499044708 0.5558979220984436 0.5582667427701675 0.5590915272677818 0.5668765502766648 0.567508829122521 0.5783493833417808 0.5856084168490574 0.5926997444428371 0.6082437907345428 0.6106694560669457 0.6109735122119022 0.6466386274117097 0.664836234762628 0.6790049031428342 0.7097805551518674 0.7208526213801271 0.7736314491156249 

SVR
0.24357501226834255 0.2782235538297332 0.28167612516377016 0.29367096627924905 0.29691104271550117 0.2988645534719102 0.30483426561919336 0.3052396356489836 0.30712826213887023 0.30936616462478206 0.31639613166476765 0.3171756453965824 0.33383153632966 0.35780832597979007 0.3656397635129611 0.3656606913020095 0.3658337603471076 0.37047622840016714 0.37231171245184824 0.3768001926587632 0.3799904980213602 0.3906232233491539 0.3945601937440977 0.39466380172842785 0.39621356141821296 0.3985598619716838 0.4006536795841926 0.4047526928153722 0.41738795058402134 0.4200245436416956 0.42184825787215385 0.4244685948187519 0.4287345105220248 0.42981206584191645 0.4308703545475937 0.43613342021721146 0.45032835752791744 0.4604560447553495 0.4729194458079363 0.4745130644398 0.47719173730678244 0.47755077315394645 0.47804870479145867 0.4951284825036275 0.5127425630532136 0.5178744619050428 0.5233927561994931 0.5248886699598856 0.5258609940183246 0.5304219816717035 0.5434114810579252 0.5605864668140184 0.5636002097902426 0.5682980786997531 0.572309932969969 0.5793679756764698 0.5867036484451009 0.597839775889002 0.6298365493651303 0.6602951632373666 

ABE0
0.2415564454152006 0.3141932875050548 0.31542252674600313 0.31796116504854377 0.3230145319364649 0.33846493406168954 0.34004868630907403 0.34679939807848126 0.35934437911990025 0.36064301552106437 0.3631643249847283 0.3672430928244882 0.3694825697532058 0.37131480205222445 0.3762267943715264 0.38115987135594986 0.3892690344303247 0.3936224751358556 0.396986592327094 0.39729965156794433 0.3997592127303182 0.40242394261686865 0.4030261764260854 0.40906898215147136 0.4102950580067598 0.41739865374747187 0.41779747904227726 0.4239733031917756 0.42707058343533233 0.4319901385700927 0.43306096794468896 0.4395391705069124 0.4446276449574057 0.4503744459727954 0.4516569621163109 0.4616731517509728 0.4735850602014906 0.47738095238095246 0.48101023367810425 0.4865297041749225 0.49419888084603936 0.49454689668847895 0.4945759368836292 0.5055631072849014 0.5225826007881177 0.5230613008390785 0.526610644257703 0.5318253727826585 0.5382688561091009 0.5444239388346954 0.5520093035275875 0.552888222055514 0.5672614312232451 0.5717965702509751 0.5782691613834339 0.5829750977886217 0.5843044530766199 0.6064234916265199 0.6291766374191261 0.6575400766066108 